1 ar1119_mis_notau 0.8692 0.6395 0.8666 103.64 2259.5 2212.06 3773.49 344.3 2554.02 2436.22 2952.38 0.0476 
10 ar1119_mis_notau 0.958 0.6682 0.9527 848.41 2764.85 2714.08 5282.55 330.59 1102.44 1086.43 1588.72 0.315 
11 ar1119_mis_notau 0.958 0.6682 0.9527 848.41 2764.85 2714.08 5282.55 330.59 1102.44 1086.43 1588.72 0.3179 
12 ar1119_mis_notau 0.9885 0.6822 0.9831 731.11 2702.41 2661.16 4254.81 266.23 891.54 884.65 1102.28 0.3156 
13 ar1119_mis_notau 0.8352 0.6661 0.8305 1036.83 2980.19 2882.44 4778.99 1036.63 1449.06 1458.29 1983.07 0.3172 
14 ar1119_mis_notau 0.949 0.5322 0.941 1183.42 3111.84 3046.48 4349.32 359.12 1650.24 1619.66 2062.97 0.3164 
15 ar1119_mis_notau 0.8048 0.5364 0.7995 1399.95 3154.97 3048.1 5419.3 1120.95 1593.41 1575.5 2070.39 0.314 
17 ar1119_mis_notau 0.9218 0.7046 0.9175 693.63 2689.01 2595.33 4103.04 428.12 913.44 965.6 1435.33 0.3185 
2 ar1119_mis_notau 0.92 0.5279 0.9141 871.87 2352.53 2325.59 3833.31 399.11 1809.51 1720.68 2117.64 0.1054 
3 ar1119_mis_notau 0.958 0.6682 0.9527 848.41 2764.85 2714.08 5282.55 330.59 1102.44 1086.43 1588.72 0.3163 
4 ar1119_mis_notau 0.8911 0.6919 0.8871 353.59 2071.41 2034.34 3542.26 207.44 2091.52 2019.1 2859.36 0.0519 
5 ar1119_mis_notau 0.8615 0.8541 0.8607 622.09 2406.8 2341.87 3970.57 1150.98 2164.31 2167.91 2907.55 0.048 
6 ar1119_mis_notau 0.9463 0.842 0.9455 72.29 1593.53 1602.76 3273.19 211.16 1505.02 1459.33 2221.16 0.0491 
8 ar1119_mis_notau 0.776 0.5385 0.7738 1091.25 2605.1 2554.48 4523.42 568.93 3068.8 2959.63 3677.35 0.0469 
1 ar1119_mis_tau 0.8716 0.7621 0.8696 727.52 2206.25 2195.38 4008.74 412.21 2512.58 2359.09 2969.3 0.0503 88.74 103.28 103.28 117.83 1.0782 1.034 
10 ar1119_mis_tau 0.8759 0.7124 0.8707 340.03 2189.9 2155.39 3690.9 363.53 2428.47 2286.5 2873.77 0.3137 17.33 32.05 32.01 52.7 1.1758 0.8813 0.1914 0.0358 0.008 0.0013 2e-04 0 0 0 
11 ar1119_mis_tau 0.8707 0.6933 0.8703 482.32 2129.03 2116.75 3557.48 415.42 2484.46 2409.57 3157.31 0.3151 20.51 36.59 35.72 52.64 1.1847 0.8406 0.101 0.0099 0.001 1e-04 0 0 0 0 
12 ar1119_mis_tau 0.9104 0.6498 0.906 76.76 2102.72 2032.43 3650.27 253.59 2022.84 1873.81 2595.71 0.3177 16.21 27.65 28.84 54.4 1.0278 0.9024 0.3299 0.1088 0.0615 0.0245 0.0081 0.0029 0.0012 3e-04 
13 ar1119_mis_tau 0.8392 0.6607 0.8368 161.67 2024.61 1979.88 4000 1244.39 2453.7 2345.73 3189.28 0.316 23.14 29.14 29.94 36.71 5.3923 2.5913 0.3727 0.0901 0.0406 0.0157 0.0049 0.0017 7e-04 2e-04 
14 ar1119_mis_tau 0.9076 0.6623 0.9045 128.64 2208.72 2131.88 3720.78 404.59 2164.91 2086.18 2698.27 0.3218 18.67 28.93 35.06 94.28 1.8938 1.8798 0.6115 0.2135 0.1184 0.0471 0.0154 0.0054 0.0022 6e-04 
15 ar1119_mis_tau 0.8367 0.7273 0.8347 156.23 2023.82 1985.41 3840.96 1476.38 2357.76 2364.12 3022.13 0.3147 23.34 29.36 30.09 36.93 10.4414 5.0778 0.7286 0.1758 0.0794 0.0306 0.0096 0.0033 0.0014 4e-04 
16 ar1119_mis_tau 0.9155 0.7075 0.9111 58.98 2056.34 1977.67 3706.92 46.69 1836.63 1738.65 2463.22 0.3184 15.43 24.64 30.12 75.74 0.2189 0.2055 0.0739 0.0265 0.0153 0.0064 0.0021 8e-04 3e-04 1e-04 
17 ar1119_mis_tau 0.8464 0.737 0.8447 194.41 2012.02 1963.93 4000 467.56 2551.37 2468.63 3183.04 0.3155 23.71 29.31 30.09 36.55 1.186 0.552 0.0788 0.019 0.0086 0.0033 0.001 4e-04 1e-04 0 
2 ar1119_mis_tau 0.8834 0.6909 0.8787 127.13 2028.43 1997.13 3511.71 348.99 2282.64 2199.63 2811.35 0.1126 22.28 28.96 43.07 85.72 1.2004 1.001 0.2501 0.0877 0.0348 
3 ar1119_mis_tau 0.8815 0.7093 0.8771 131.22 2208.99 2138.12 3778.91 375.2 2293.02 2175.44 2813.72 0.3174 19.09 30.51 32.34 64.38 1.1844 0.9178 0.2549 0.082 0.0436 0.0173 0.0056 0.0019 8e-04 2e-04 
4 ar1119_mis_tau 0.8902 0.7074 0.8868 331.64 2012.2 1973.87 3693.28 223.56 2093.65 2006.68 2785.44 0.0498 151.29 151.43 151.43 151.56 1.1838 0.7814 
5 ar1119_mis_tau 0.8639 0.9086 0.865 634.59 2292.99 2257.37 4200.67 1189.88 2119.8 2146.4 2881 0.0492 77.94 147.64 147.64 217.35 1.2117 1.1789 
6 ar1119_mis_tau 0.9504 0.8409 0.9487 363.84 1498.75 1534.6 3369.33 192.74 1368.07 1339.65 2142.12 0.0468 47.52 68.8 68.8 90.08 1.1257 1.2455 
8 ar1119_mis_tau 0.7789 0.5758 0.782 685.07 2382.92 2331.42 4131.17 543.44 3091.81 2932.27 3392.93 0.0521 95.54 107.59 107.59 119.65 1.0727 0.9646 
1 ar1119_nomis_notau 0.8688 0.9416 0.8706 827.05 2339.29 2343.28 3928.04 1581.32 2539.07 2442.1 3112.63 0.0504 
10 ar1119_nomis_notau 0.9574 1 0.9586 1183.36 2802.38 2764.3 4379.05 835.52 1073.93 1089.72 1361.79 0.3024 
11 ar1119_nomis_notau 0.9574 1 0.9586 1183.36 2802.38 2764.3 4379.05 835.52 1073.93 1089.72 1361.79 0.3018 
12 ar1119_nomis_notau 0.9882 1 0.9886 1340.23 2724.62 2716.89 4983.72 675.98 941.54 958.43 1251.63 0.3037 
13 ar1119_nomis_notau 0.8342 0.9161 0.8366 1022.55 3093.38 2964.7 5550.36 1170.44 1481.98 1504.53 1995.54 0.3 
14 ar1119_nomis_notau 0.9486 0.9977 0.9496 1588.66 3128.52 3093.21 5047.22 1399.84 1692.93 1707.88 2086.96 0.3043 
15 ar1119_nomis_notau 0.8042 0.8628 0.8065 1005 3218.49 3096.17 4695.7 1357.43 1750.5 1752.75 2168.03 0.3038 
17 ar1119_nomis_notau 0.9208 0.9926 0.9229 868.37 2765.79 2678.41 4960.78 555.08 977.22 944.58 1332.67 0.3037 
2 ar1119_nomis_notau 0.9194 0.987 0.921 954.68 2412.99 2395.34 3863.49 1131.67 1762.04 1713.56 2125.27 0.0988 
3 ar1119_nomis_notau 0.9574 1 0.9586 1183.36 2802.38 2764.3 4379.05 835.52 1073.93 1089.72 1361.79 0.3048 
4 ar1119_nomis_notau 0.8908 0.9127 0.8914 78.92 2076.49 2032.48 5279.9 1340.22 2255.95 2172.01 3012.82 0.0446 
5 ar1119_nomis_notau 0.8615 0.8744 0.8619 818.97 2503.83 2440.04 4190.15 1902.01 2259.75 2286.58 2834.48 0.0441 
6 ar1119_nomis_notau 0.9438 0.9786 0.9445 6.02 1557.95 1525.85 3289.32 690.9 1529.71 1496.1 2464.71 0.0441 
8 ar1119_nomis_notau 0.7759 0.874 0.7774 1284.21 2632.83 2614.09 4120.71 2667.01 3058.59 3075.21 3625 0.0426 
9 ar1119_nomis_notau 0.9621 0.982 0.9627 15.97 1414.18 1418.95 3300.04 538.16 1236.39 1193.21 2061.75 0.0455 
1 ar1119_nomis_tau 0.8717 0.9416 0.8735 741.16 2278.2 2275.34 3723.81 1360.41 2483.62 2421.84 2988.48 0.0501 134.86 233.37 233.37 331.87 1.1087 1.0311 
10 ar1119_nomis_tau 0.877 0.9473 0.8788 150.47 2110.83 2095.19 3581.75 1420.99 2398.87 2324.23 3186.02 0.3015 13.09 31.34 31.69 60.4 1.1666 0.9916 0.1983 0.035 0.0042 8e-04 1e-04 0 0 0 
11 ar1119_nomis_tau 0.8694 0.9382 0.8712 540.02 2249.54 2245.79 3827.43 1246.95 2519.73 2423.68 2962.27 0.2998 26.3 36.3 36.64 45.05 1.1356 0.8232 0.0838 0.0077 6e-04 1e-04 0 0 0 0 
12 ar1119_nomis_tau 0.9082 0.9728 0.9096 150.05 2125.29 2090.61 3816.94 1079.98 2133.07 2027.3 2772.94 0.3016 9.82 30.33 31.92 65.05 0.995 0.9992 0.3188 0.1186 0.0249 0.0109 0.0029 7e-04 2e-04 0 
13 ar1119_nomis_tau 0.8397 0.9206 0.8422 170.51 2112.24 2050.69 4000 1913.27 2394.47 2385.26 2879.15 0.2993 16.04 36.06 33.15 42.43 5.0929 3.243 0.4073 0.0958 0.0185 0.0074 0.0019 5e-04 1e-04 0 
14 ar1119_nomis_tau 0.9055 0.9717 0.9069 160.53 2165.93 2128.57 3397.1 1119.46 2183.75 2115.62 2773.55 0.3019 9.9 31.11 32.26 65.72 1.9061 1.946 0.5943 0.2139 0.0451 0.0198 0.0052 0.0013 3e-04 1e-04 
15 ar1119_nomis_tau 0.837 0.9201 0.8395 174.06 2137.11 2066.29 4000 1637.88 2195.33 2175.08 2974.82 0.3029 15.92 35.84 33.3 42.47 9.8037 6.3634 0.7989 0.1886 0.0364 0.0146 0.0037 9e-04 2e-04 1e-04 
16 ar1119_nomis_tau 0.9131 0.9751 0.9144 134.55 2032.91 1994.42 3353.99 710.29 1909.46 1772.71 2586.93 0.3021 11.19 31.93 34.31 68.32 0.2307 0.2005 0.0737 0.0288 0.0063 0.0027 7e-04 2e-04 0 0 
17 ar1119_nomis_tau 0.8453 0.9229 0.8476 205.99 2018.34 1979.33 3627.74 1396.11 2498.83 2480.22 3008.34 0.3014 15.39 32.95 31.96 41.94 1.2743 0.5942 0.0834 0.0203 0.004 0.0016 4e-04 1e-04 0 0 
2 ar1119_nomis_tau 0.8828 0.9518 0.8845 231.78 2100.28 2071.26 3995.49 1320.8 2381.86 2288.24 2845.49 0.1073 23.51 28.03 44.18 88.55 1.2321 0.9977 0.2543 0.0785 0.0318 
3 ar1119_nomis_tau 0.8821 0.9524 0.8838 77.39 2132.79 2056.79 3736.58 1454.19 2423.7 2301.87 2848.17 0.2992 11.3 29.84 33.07 73.93 1.0942 1.0682 0.2819 0.091 0.0191 0.0085 0.0022 6e-04 1e-04 0 
4 ar1119_nomis_tau 0.8914 0.9104 0.892 73.83 2010.1 1976.83 4045.24 1227.67 2084.89 2121.39 2958.52 0.0435 9.39 20.49 20.49 31.59 1.0259 0.9497 
5 ar1119_nomis_tau 0.864 0.8789 0.8645 830.41 2410.93 2351.82 4266.5 1895.25 2194.68 2271.34 2778.72 0.0429 63.58 172.22 172.22 280.85 1.1853 1.2589 
8 ar1119_nomis_tau 0.7793 0.8768 0.781 279.87 2432.92 2391.87 4260.44 2146.17 2988.82 2910.86 3531.25 0.0412 75.61 131.18 131.18 186.74 1.1308 0.9455 
