1 ar1119_mis_notau 0.8692 0.6395 0.8666 
10 ar1119_mis_notau 0.958 0.6682 0.9527 
11 ar1119_mis_notau 0.958 0.6682 0.9527 
12 ar1119_mis_notau 0.9885 0.6822 0.9831 
13 ar1119_mis_notau 0.8352 0.6661 0.8305 
14 ar1119_mis_notau 0.949 0.5322 0.941 
15 ar1119_mis_notau 0.8048 0.5364 0.7995 
17 ar1119_mis_notau 0.9218 0.7046 0.9175 
2 ar1119_mis_notau 0.92 0.5279 0.9141 
3 ar1119_mis_notau 0.958 0.6682 0.9527 
4 ar1119_mis_notau 0.8911 0.6919 0.8871 
5 ar1119_mis_notau 0.8615 0.8541 0.8607 
6 ar1119_mis_notau 0.9463 0.842 0.9455 
8 ar1119_mis_notau 0.776 0.5385 0.7738 
1 ar1119_mis_tau 0.8716 0.7621 0.8696 
10 ar1119_mis_tau 0.8759 0.7124 0.8707 
11 ar1119_mis_tau 0.8707 0.6933 0.8703 
12 ar1119_mis_tau 0.9104 0.6498 0.906 
13 ar1119_mis_tau 0.8392 0.6607 0.8368 
14 ar1119_mis_tau 0.9076 0.6623 0.9045 
15 ar1119_mis_tau 0.8367 0.7273 0.8347 
16 ar1119_mis_tau 0.9155 0.7075 0.9111 
17 ar1119_mis_tau 0.8464 0.737 0.8447 
2 ar1119_mis_tau 0.8834 0.6909 0.8787 
3 ar1119_mis_tau 0.8815 0.7093 0.8771 
4 ar1119_mis_tau 0.8902 0.7074 0.8868 
5 ar1119_mis_tau 0.8639 0.9086 0.865 
6 ar1119_mis_tau 0.9504 0.8409 0.9487 
8 ar1119_mis_tau 0.7789 0.5758 0.782 
1 ar1119_nomis_notau 0.8688 0.9416 0.8706 
10 ar1119_nomis_notau 0.9574 1 0.9586 
11 ar1119_nomis_notau 0.9574 1 0.9586 
12 ar1119_nomis_notau 0.9882 1 0.9886 
13 ar1119_nomis_notau 0.8342 0.9161 0.8366 
14 ar1119_nomis_notau 0.9486 0.9977 0.9496 
15 ar1119_nomis_notau 0.8042 0.8628 0.8065 
17 ar1119_nomis_notau 0.9208 0.9926 0.9229 
2 ar1119_nomis_notau 0.9194 0.987 0.921 
3 ar1119_nomis_notau 0.9574 1 0.9586 
4 ar1119_nomis_notau 0.8908 0.9127 0.8914 
5 ar1119_nomis_notau 0.8615 0.8744 0.8619 
6 ar1119_nomis_notau 0.9438 0.9786 0.9445 
8 ar1119_nomis_notau 0.7759 0.874 0.7774 
9 ar1119_nomis_notau 0.9621 0.982 0.9627 
1 ar1119_nomis_tau 0.8717 0.9416 0.8735 
10 ar1119_nomis_tau 0.877 0.9473 0.8788 
11 ar1119_nomis_tau 0.8694 0.9382 0.8712 
12 ar1119_nomis_tau 0.9082 0.9728 0.9096 
13 ar1119_nomis_tau 0.8397 0.9206 0.8422 
14 ar1119_nomis_tau 0.9055 0.9717 0.9069 
15 ar1119_nomis_tau 0.837 0.9201 0.8395 
16 ar1119_nomis_tau 0.9131 0.9751 0.9144 
17 ar1119_nomis_tau 0.8453 0.9229 0.8476 
2 ar1119_nomis_tau 0.8828 0.9518 0.8845 
3 ar1119_nomis_tau 0.8821 0.9524 0.8838 
4 ar1119_nomis_tau 0.8914 0.9104 0.892 
5 ar1119_nomis_tau 0.864 0.8789 0.8645 
8 ar1119_nomis_tau 0.7793 0.8768 0.781 
