1 tsar_mis_tau 0.8964 0.808 0.893 99.73 1608.53 1630.69 3595.91 101.77 125.79 132.58 189 0.3806 17.06 29.36 35.92 79.76 1.1031 0.6926 0.5979 0.3975 0.1487 0.0518 0.0227 0.0122 0.0046 0.0013 
10 tsar_mis_tau 0.9521 0.6967 0.9474 99.92 1919.75 1879.11 4000 217.02 324.17 318.24 465.82 0.3835 8.73 36.21 40.39 77.74 1.1599 2.546 1.5056 0.6914 0.2603 0.0917 0.0414 0.0202 0.0072 0.0019 
11 tsar_mis_tau 0.8917 0.8205 0.8904 74.4 1640.87 1636.01 3748.84 80.96 105.59 110.92 161.35 0.698 8.72 22.2 31.06 69.22 0.9897 0.6862 0.354 0.2633 0.1732 0.0702 0.0472 0.026 0.0101 0.0038 
12 tsar_mis_tau 0.9516 0.6222 0.9478 62.18 1910.42 1865.8 4000 147.06 296.62 292.94 421.93 0.6939 13.52 24.55 32.73 75.16 1.2822 0.749 0.4193 0.3015 0.1247 0.0519 0.0341 0.0178 0.0068 0.0025 
13 tsar_mis_tau 0.979 0.6864 0.9759 53.55 1938.07 1846.24 4000 184.8 313.76 317.87 499.73 0.689 10.01 19.85 32.25 78.8 1.536 0.819 0.6169 0.3461 0.1435 0.0537 0.0328 0.0167 0.0067 0.0024 
14 tsar_mis_tau 0.9893 0.6083 0.9869 69.6 1938.74 1855.29 4000 129.64 365.51 365.32 639.79 0.6927 2.64 12.85 20.02 57.16 0.798 1.1333 1.1386 0.5224 0.2024 0.0799 0.0497 0.0263 0.0101 0.0036 
15 tsar_mis_tau 0.9868 0.6954 0.9845 53.35 1765.46 1680.31 4000 115.34 448.71 435.92 772.19 0.6989 6.69 13.29 23.55 69.77 1.5921 1.1129 0.4449 0.158 0.0526 0.0175 0.0105 0.0053 0.0021 7e-04 
16 tsar_mis_tau 0.9726 0.4402 0.9676 103.99 1709 1667.71 3236.76 79.13 549.99 565.16 1037.03 0.6873 9.85 21.78 33.59 86.46 1.7843 0.7513 0.1983 0.0679 0.0224 0.0077 0.005 0.0026 0.001 4e-04 
17 tsar_mis_tau 0.9457 0.6086 0.9385 70.79 1591.89 1605.06 3207.4 72.62 679.55 685.85 1202.85 0.6927 12.09 20.36 37.74 108.53 1.9451 0.3732 0.0878 0.0342 0.0131 0.0046 0.003 0.0016 6e-04 2e-04 
18 tsar_mis_tau 0.9559 0.7847 0.9534 50.15 1884.1 1823.42 4000 139.65 228.38 233.24 349.15 0.6923 8.79 21.05 32.05 82.25 0.6674 0.3488 0.2382 0.1336 0.062 0.0229 0.013 0.0063 0.0025 9e-04 
2 tsar_mis_tau 0.9554 0.6494 0.9471 93.26 1835.62 1805.29 4565.68 185.61 273.44 266.67 404.66 0.3832 9.09 36.43 42.27 93.38 0.7038 1.3226 0.7748 0.3496 0.1373 0.047 0.0211 0.011 0.004 0.0011 
20 tsar_mis_tau 0.9468 0.8371 0.9449 57.46 1950.99 1905.23 4000 196.9 338.66 350.99 650.61 0.6933 11.14 22.25 34.15 85.35 2.4576 1.3324 0.8109 0.4098 0.1631 0.0657 0.0434 0.023 0.0088 0.0032 
3 tsar_mis_tau 0.9802 0.7517 0.9761 118.34 1829.31 1762.74 4000 198.46 270.96 288.63 485.93 0.3816 14.37 44.04 42.03 80.62 1.5127 1.09 0.7689 0.4296 0.166 0.0633 0.028 0.0116 0.0039 0.001 
4 tsar_mis_tau 0.9898 0.5723 0.9861 144.09 1802.83 1747.62 4000 178.6 312.55 309.85 518.08 0.3794 8.7 34.99 38.72 77.49 0.9953 1.7047 1.0663 0.5573 0.215 0.0709 0.0312 0.0172 0.0065 0.0019 
5 tsar_mis_tau 0.9891 0.6935 0.9865 147.12 1772.46 1723.99 3756.82 110.69 430.44 428.92 796.44 0.3788 20.7 35.52 38.8 71.79 1.7557 1.0846 0.752 0.2765 0.0977 0.0307 0.0129 0.0074 0.0027 7e-04 
6 tsar_mis_tau 0.9761 0.559 0.9713 218.94 1675.62 1653.89 3695.44 112.84 551.68 536.34 845.13 0.3721 15.28 29.47 37.41 80.82 1.7275 0.9317 0.2752 0.1007 0.037 0.013 0.0058 0.0032 0.0011 3e-04 
7 tsar_mis_tau 0.9484 0.552 0.9475 108.71 1641.65 1661.08 3346.58 83.86 699.05 723.01 1202.64 0.3805 9.83 27.26 37.37 81.38 1.9322 0.4472 0.1481 0.0512 0.0176 0.0066 0.0029 0.0014 5e-04 1e-04 
8 tsar_mis_tau 0.9595 0.8305 0.9581 87.73 1749.57 1720.6 4000 103.48 193.89 192.59 299.62 0.3825 9.41 23.18 30.31 78.42 0.4173 0.5941 0.4256 0.1851 0.0707 0.0249 0.0108 0.006 0.0022 6e-04 
9 tsar_mis_tau 0.9661 0.6444 0.9562 75.55 1693.33 1655.6 4000 104.07 180.28 189 307.64 0.3792 13.8 30.02 38.77 79.74 0.2109 0.3019 0.1793 0.095 0.0387 0.0136 0.0063 0.0034 0.0012 3e-04 
1 tsar_mis_notau 0.9157 0.8724 0.9148 515.83 2007.75 2106.49 5501.28 40.52 70.96 74.61 124.11 0.3753 
10 tsar_mis_notau 0.9588 0.7295 0.9546 1244.44 2537.49 2575.3 4341.23 304.49 431.7 434.5 687.75 0.3761 
11 tsar_mis_notau 0.9125 0.8524 0.9114 520.23 1965.91 2103.26 4930 65.93 85.73 91.73 171.34 0.6835 
12 tsar_mis_notau 0.9854 0.8092 0.9825 763.23 2263.9 2314.3 4341.64 169.38 223.32 231.44 370.6 0.6941 
13 tsar_mis_notau 0.9972 0.594 0.9931 563.41 2391.05 2408.03 4383.23 181.44 352.29 352.9 492.1 0.695 
14 tsar_mis_notau 0.9994 0.6281 0.9981 442.23 2485.76 2489.37 4512.61 151.48 414.86 418.72 622.22 0.695 
15 tsar_mis_notau 0.9999 0.6077 0.9994 384.21 2618.5 2619.33 5066.56 120.19 517.38 519.12 878.17 0.6903 
16 tsar_mis_notau 1 0.5376 0.9998 453.69 2744.07 2741.81 4855.1 122.34 569.33 564.77 704.3 0.4673 
17 tsar_mis_notau 1 0.4934 0.9995 367.41 2868.1 2851.58 4528.75 109.96 647.52 645.09 834.08 0.4685 
18 tsar_mis_notau 0.9992 0.734 0.9957 0 2005.81 2016.29 4000 56.06 104.26 103.53 148.86 0.4646 
2 tsar_mis_notau 0.9869 0.7145 0.9817 796.21 2278.41 2315.59 4000 123.23 229.43 233.54 357.28 0.3721 
20 tsar_mis_notau 0.9561 0.7469 0.9529 1173.5 2509.76 2562.08 4470.23 330.13 446.29 469.44 698.32 0.4631 
3 tsar_mis_notau 0.9974 0.7043 0.9944 622.37 2393.62 2401.7 4216.46 224.6 300.13 310.69 438.02 0.3823 
4 tsar_mis_notau 0.9993 0.5026 0.9974 551.87 2484.9 2478.62 4204.64 177.96 465.71 453.1 610.07 0.3792 
5 tsar_mis_notau 0.9999 0.5904 0.9993 584.02 2606.42 2612.18 4315.48 172.78 538 526.36 678.43 0.3839 
6 tsar_mis_notau 1 0.5352 0.9994 488.59 2754.09 2737.84 4370.51 114.71 579.96 569.51 804.79 0.3794 
7 tsar_mis_notau 1 0.592 0.9992 453.36 2871.58 2845.82 5041.77 117.99 646.77 638.98 795.21 0.3826 
8 tsar_mis_notau 0.9992 0.7908 0.9966 0 1998.94 2002.78 4000 72.5 106.72 114.49 172.17 0.3747 
